0
0
3833038
5021999
10702814
257641
218061
1048395
2101407
4460181
8033213
3212773
4350562
2937171
3367010
11390623
12632332
2163564
4314613
8570513
17852096
226813
5477041
7309917
1873038
334878
126262
3133166
7639151
4034769
1392570
2274745
74824
846252
5901332
2474845
358765
407492
1510013
355238
880660
98534
3985402
4484655
2305415
10840692
10175503
5013480
161992
13796875
9849032
1759967
11898531
124036
2031460
5633297
3983692
1746939
1632944
1006938
9694317
1573956
560461
673127
5472427
3055194
3827341
46831
4612056
4836341
3378850
0
4051569
778192
9693456
1150741
7618830
3411888
6331719
8515929
599411
3320667
960108
2798278
9199128
2675906
693563
2628066
3843536
6686460
6363891
1641313
3164301
0
2996637
7771466
8129890
18115277
10231308
6051816
